              precision    recall  f1-score   support

       B-LOC     0.1845    0.6200    0.2844       550
       B-ORG     0.2759    0.0083    0.0161       962
       B-PER     0.2918    0.5827    0.3889      1234
       I-LOC     0.8182    0.0616    0.1146       146
       I-ORG     1.0000    0.0036    0.0071      1117
       I-PER     0.6000    0.0096    0.0190       622
           O     0.4965    0.9944    0.6623     44838

   micro avg     0.4850    0.9233    0.6360     49469
   macro avg     0.5238    0.3257    0.2132     49469
weighted avg     0.4973    0.9233    0.6142     49469
