              precision    recall  f1-score   support

       B-LOC     0.7605    0.6865    0.7216       606
       B-ORG     0.7589    0.7503    0.7545       885
       B-PER     0.8510    0.8410    0.8460      1195
       I-LOC     0.6446    0.4615    0.5379       169
       I-ORG     0.6536    0.7313    0.6902      1001
       I-PER     0.9187    0.9536    0.9358       604
           O     0.9880    0.9878    0.9879     45477

    accuracy                         0.9691     49937
   macro avg     0.7965    0.7731    0.7820     49937
weighted avg     0.9692    0.9691    0.9690     49937
