              precision    recall  f1-score   support

       B-LOC     0.6393    0.7482    0.6895       552
       B-ORG     0.8037    0.2715    0.4059       965
       B-PER     0.9262    0.8182    0.8689      1243
       I-LOC     0.6316    0.4800    0.5455       150
       I-ORG     0.6879    0.3089    0.4264      1120
       I-PER     0.9254    0.9358    0.9306       623
           O     0.9654    0.9940    0.9795     45125

    accuracy                         0.9552     49778
   macro avg     0.7971    0.6509    0.6923     49778
weighted avg     0.9500    0.9552    0.9481     49778
