              precision    recall  f1-score   support

       B-LOC     0.3995    0.5000    0.4441       608
       B-ORG     0.5196    0.1054    0.1753       882
       B-PER     0.5000    0.5251    0.5123      1194
       I-LOC     0.1146    0.1930    0.1438       171
       I-ORG     0.5183    0.1015    0.1698       975
       I-PER     0.7344    0.5282    0.6145       602
           O     0.9572    0.9851    0.9710     45503

   micro avg     0.9272    0.9272    0.9272     49935
   macro avg     0.5348    0.4198    0.4330     49935
weighted avg     0.9176    0.9272    0.9168     49935
